3.8066624897703196
3.912023005428146
3.7376696182833684
3.6635616461296463
3.784189633918261
3.7376696182833684
3.7376696182833684
3.7376696182833684
3.828641396489095
3.871201010907891
3.8066624897703196
3.912023005428146
3.828641396489095
3.7376696182833684
3.8501476017100584
3.871201010907891
3.871201010907891
3.784189633918261
3.828641396489095
3.784189633918261
3.713572066704308
3.784189633918261
3.7612001156935624
3.7612001156935624
3.8066624897703196
3.713572066704308
3.6888794541139363
3.8066624897703196
3.7376696182833684
3.6888794541139363
3.828641396489095
3.7612001156935624
3.871201010907891
3.713572066704308
3.7376696182833684
3.6109179126442243
3.828641396489095
3.8066624897703196
3.7376696182833684
3.7612001156935624
3.784189633918261
3.7376696182833684
3.7612001156935624
3.8501476017100584
3.8501476017100584
3.828641396489095
3.8918202981106265
3.8501476017100584
3.871201010907891
3.6888794541139363
3.7612001156935624
3.8918202981106265
3.828641396489095
3.713572066704308
3.6635616461296463
3.713572066704308
3.9318256327243257
3.7376696182833684
3.784189633918261
3.6888794541139363
3.912023005428146
3.912023005428146
3.784189633918261
3.912023005428146
3.8066624897703196
3.7612001156935624
3.9512437185814275
3.8066624897703196
3.828641396489095
3.8918202981106265
3.784189633918261
3.713572066704308
3.8066624897703196
3.8066624897703196
3.784189633918261
3.828641396489095
3.871201010907891
3.912023005428146
3.871201010907891
3.9318256327243257
3.871201010907891
3.8918202981106265
3.871201010907891
3.7612001156935624
3.784189633918261
3.7612001156935624
3.8501476017100584
3.8501476017100584
3.8918202981106265
3.828641396489095
3.912023005428146
3.9318256327243257
3.9318256327243257
3.8501476017100584
3.8918202981106265
3.912023005428146
3.871201010907891
3.8918202981106265
3.8066624897703196
3.8501476017100584
3.784189633918261
3.9889840465642745
3.8066624897703196
3.8066624897703196
3.9512437185814275
3.9318256327243257
3.912023005428146
3.9318256327243257
3.871201010907891
3.871201010907891
3.970291913552122
3.9889840465642745
3.8066624897703196
3.912023005428146
3.828641396489095
3.828641396489095
3.970291913552122
3.9512437185814275
3.912023005428146
3.9318256327243257
4.02535169073515
4.0943445622221
4.02535169073515
3.9318256327243257
3.9889840465642745
3.970291913552122
3.6888794541139363
3.8918202981106265
3.9318256327243257
3.9512437185814275
3.9889840465642745
4.07753744390572
4.060443010546419
3.970291913552122
3.8066624897703196
3.8918202981106265
4.04305126783455
4.07753744390572
4.007333185232471
4.04305126783455
4.02535169073515
4.060443010546419
3.9889840465642745
3.912023005428146
4.060443010546419
4.04305126783455
4.007333185232471
3.912023005428146
4.0943445622221
3.9512437185814275
3.9318256327243257
3.8918202981106265
3.9889840465642745
4.02535169073515
4.02535169073515
4.007333185232471
4.060443010546419
4.04305126783455
3.9512437185814275
4.07753744390572
3.9512437185814275
4.060443010546419
4.07753744390572
4.02535169073515
3.912023005428146
3.9889840465642745
3.9318256327243257
3.9318256327243257
4.04305126783455
3.912023005428146
3.9889840465642745
3.9318256327243257
3.8066624897703196
3.9318256327243257
3.9318256327243257
3.8918202981106265
4.02535169073515
3.7612001156935624